00 00
01 01
02 100
03 1010
11 1011
04 11000
05 11001
21 11010
31 11011
06 111000
12 111001
41 111010
51 111011
07 1111000
61 1111001
71 1111010
13 11110110
22 11110111
32 11111000
81 11111001
08 111110100
14 111110101
42 111110110
91 111110111
A1 111111000
B1 111111001
C1 111111010
09 1111110110
23 1111110111
33 1111111000
52 1111111001
F0 1111111010
15 11111110110
62 11111110111
72 11111111000
D1 11111111001
0A 111111110100
16 111111110101
24 111111110110
34 111111110111
E1 11111111100000
25 111111111000010
F1 111111111000011
17 1111111110001000
18 1111111110001001
19 1111111110001010
1A 1111111110001011
26 1111111110001100
27 1111111110001101
28 1111111110001110
29 1111111110001111
2A 1111111110010000
35 1111111110010001
36 1111111110010010
37 1111111110010011
38 1111111110010100
39 1111111110010101
3A 1111111110010110
43 1111111110010111
44 1111111110011000
45 1111111110011001
46 1111111110011010
47 1111111110011011
48 1111111110011100
49 1111111110011101
4A 1111111110011110
53 1111111110011111
54 1111111110100000
55 1111111110100001
56 1111111110100010
57 1111111110100011
58 1111111110100100
59 1111111110100101
5A 1111111110100110
63 1111111110100111
64 1111111110101000
65 1111111110101001
66 1111111110101010
67 1111111110101011
68 1111111110101100
69 1111111110101101
6A 1111111110101110
73 1111111110101111
74 1111111110110000
75 1111111110110001
76 1111111110110010
77 1111111110110011
78 1111111110110100
79 1111111110110101
7A 1111111110110110
82 1111111110110111
83 1111111110111000
84 1111111110111001
85 1111111110111010
86 1111111110111011
87 1111111110111100
88 1111111110111101
89 1111111110111110
8A 1111111110111111
92 1111111111000000
93 1111111111000001
94 1111111111000010
95 1111111111000011
96 1111111111000100
97 1111111111000101
98 1111111111000110
99 1111111111000111
9A 1111111111001000
A2 1111111111001001
A3 1111111111001010
A4 1111111111001011
A5 1111111111001100
A6 1111111111001101
A7 1111111111001110
A8 1111111111001111
A9 1111111111010000
AA 1111111111010001
B2 1111111111010010
B3 1111111111010011
B4 1111111111010100
B5 1111111111010101
B6 1111111111010110
B7 1111111111010111
B8 1111111111011000
B9 1111111111011001
BA 1111111111011010
C2 1111111111011011
C3 1111111111011100
C4 1111111111011101
C5 1111111111011110
C6 1111111111011111
C7 1111111111100000
C8 1111111111100001
C9 1111111111100010
CA 1111111111100011
D2 1111111111100100
D3 1111111111100101
D4 1111111111100110
D5 1111111111100111
D6 1111111111101000
D7 1111111111101001
D8 1111111111101010
D9 1111111111101011
DA 1111111111101100
E2 1111111111101101
E3 1111111111101110
E4 1111111111101111
E5 1111111111110000
E6 1111111111110001
E7 1111111111110010
E8 1111111111110011
E9 1111111111110100
EA 1111111111110101
F2 1111111111110110
F3 1111111111110111
F4 1111111111111000
F5 1111111111111001
F6 1111111111111010
F7 1111111111111011
F8 1111111111111100
F9 1111111111111101
FA 1111111111111110
