01 00
02 01
03 100
00 1010
04 1011
11 1100
05 11010
12 11011
21 11100
31 111010
41 111011
06 1111000
13 1111001
51 1111010
61 1111011
07 11111000
22 11111001
71 11111010
14 111110110
32 111110111
81 111111000
91 111111001
A1 111111010
08 1111110110
23 1111110111
42 1111111000
B1 1111111001
C1 1111111010
15 11111110110
52 11111110111
D1 11111111000
F0 11111111001
24 111111110100
33 111111110101
62 111111110110
72 111111110111
82 111111111000000
09 1111111110000010
0A 1111111110000011
16 1111111110000100
17 1111111110000101
18 1111111110000110
19 1111111110000111
1A 1111111110001000
25 1111111110001001
26 1111111110001010
27 1111111110001011
28 1111111110001100
29 1111111110001101
2A 1111111110001110
34 1111111110001111
35 1111111110010000
36 1111111110010001
37 1111111110010010
38 1111111110010011
39 1111111110010100
3A 1111111110010101
43 1111111110010110
44 1111111110010111
45 1111111110011000
46 1111111110011001
47 1111111110011010
48 1111111110011011
49 1111111110011100
4A 1111111110011101
53 1111111110011110
54 1111111110011111
55 1111111110100000
56 1111111110100001
57 1111111110100010
58 1111111110100011
59 1111111110100100
5A 1111111110100101
63 1111111110100110
64 1111111110100111
65 1111111110101000
66 1111111110101001
67 1111111110101010
68 1111111110101011
69 1111111110101100
6A 1111111110101101
73 1111111110101110
74 1111111110101111
75 1111111110110000
76 1111111110110001
77 1111111110110010
78 1111111110110011
79 1111111110110100
7A 1111111110110101
83 1111111110110110
84 1111111110110111
85 1111111110111000
86 1111111110111001
87 1111111110111010
88 1111111110111011
89 1111111110111100
8A 1111111110111101
92 1111111110111110
93 1111111110111111
94 1111111111000000
95 1111111111000001
96 1111111111000010
97 1111111111000011
98 1111111111000100
99 1111111111000101
9A 1111111111000110
A2 1111111111000111
A3 1111111111001000
A4 1111111111001001
A5 1111111111001010
A6 1111111111001011
A7 1111111111001100
A8 1111111111001101
A9 1111111111001110
AA 1111111111001111
B2 1111111111010000
B3 1111111111010001
B4 1111111111010010
B5 1111111111010011
B6 1111111111010100
B7 1111111111010101
B8 1111111111010110
B9 1111111111010111
BA 1111111111011000
C2 1111111111011001
C3 1111111111011010
C4 1111111111011011
C5 1111111111011100
C6 1111111111011101
C7 1111111111011110
C8 1111111111011111
C9 1111111111100000
CA 1111111111100001
D2 1111111111100010
D3 1111111111100011
D4 1111111111100100
D5 1111111111100101
D6 1111111111100110
D7 1111111111100111
D8 1111111111101000
D9 1111111111101001
DA 1111111111101010
E1 1111111111101011
E2 1111111111101100
E3 1111111111101101
E4 1111111111101110
E5 1111111111101111
E6 1111111111110000
E7 1111111111110001
E8 1111111111110010
E9 1111111111110011
EA 1111111111110100
F1 1111111111110101
F2 1111111111110110
F3 1111111111110111
F4 1111111111111000
F5 1111111111111001
F6 1111111111111010
F7 1111111111111011
F8 1111111111111100
F9 1111111111111101
FA 1111111111111110